1,0.0029282671344848703	cent,per,1900,529124,577780,1023869,180695263
1,0.0011470527592081924	states,united,1900,207267,310715,343809,180695263
1,0.001045804947305121	known,well,1900,188972,527812,1226031,180695263
1,0.0010212553275400474	crown,vo,1900,184536,650538,349875,180695263
1,0.0010035957611130072	ago,years,1900,181345,361445,2115120,180695263
1,9.396704550024646E-4	edition,second,1900,169794,915530,804291,180695263
1,9.281759644136327E-4	first,time,1900,167717,1998906,1953110,180695263
1,8.956239212535417E-4	another,one,1900,161835,600614,3737023,180695263
1,7.606397518013519E-4	deal,great,1900,137444,401809,2288498,180695263
1,7.468762476634487E-4	point,view,1900,134957,606155,353297,180695263
2,1.0	fugito,percontatorem,1900,7,7,7,180695263
2,1.0	gautier,ophile,1900,69,69,69,180695263
2,1.0	gluckists,piccinists,1900,2,2,2,180695263
2,1.0	figulus,nigidius,1900,8,8,8,180695263
2,1.0	fontesque,vagos,1900,6,6,6,180695263
2,1.0	filum,terminale,1900,9,9,9,180695263
2,1.0	glebes,manses,1900,11,11,11,180695263
2,1.0	fingunt,finitimi,1900,6,6,6,180695263
2,1.0	georgium,sidus,1900,6,6,6,180695263
2,1.0	fing,fweetly,1900,2,2,2,180695263
3,0.04398609433740106	cent,per,1900,529124,577780,1023869,180695263
3,0.02695311644621811	states,united,1900,207267,310715,343809,180695263
3,0.019410336006711278	crown,vo,1900,184536,650538,349875,180695263
3,0.015012178396925173	known,well,1900,188972,527812,1226031,180695263
3,0.014495239767284788	point,view,1900,134957,606155,353297,180695263
3,0.014255361467288456	commons,house,1900,118231,141055,620304,180695263
3,0.013623315900846415	ages,middle,1900,76371,122297,225539,180695263
3,0.013621418297668492	edition,second,1900,169794,915530,804291,180695263
3,0.012123341375048972	ago,years,1900,181345,361445,2115120,180695263
3,0.012059192680863156	ii,vol,1900,104390,433086,396315,180695263
