1,0.00482826112372168	cent,per,1910,337159,361362,567427,69830316
1,0.0015017116634557404	states,united,1910,104865,158313,180653,69830316
1,0.0011728430385450355	known,well,1910,81900,224833,471821,69830316
1,0.00111226762886194	point,view,1910,77670,303189,176169,69830316
1,0.001041882726121417	another,one,1910,72755,246739,1531253,69830316
1,0.0010391761652632362	ago,years,1910,72566,147283,893650,69830316
1,0.0010154901776471984	first,time,1910,70912,833006,799202,69830316
1,9.153044646110437E-4	cr,edition,1910,63916,128639,327082,69830316
1,9.120823683513046E-4	edition,second,1910,63691,327082,325588,69830316
1,8.492729719281236E-4	first,place,1910,59305,833006,423671,69830316
2,1.0	ducatus,leodiensis,1910,4,4,4,69830316
2,1.0	doys,reane,1910,2,2,2,69830316
2,1.0	ephraemi,syri,1910,16,16,16,69830316
2,1.0	djemile,sultana,1910,1,1,1,69830316
2,1.0	dubitantium,ductor,1910,4,4,4,69830316
2,1.0	diluculo,surgere,1910,4,4,4,69830316
2,1.0	epiblast,hypoblast,1910,4,4,4,69830316
2,1.0	dolabriformis,xylia,1910,2,2,2,69830316
2,1.0	encysted,hydrocele,1910,4,4,4,69830316
2,1.0	englysshe,frensshe,1910,2,2,2,69830316
3,0.05920647697968226	cent,per,1910,337159,361362,567427,69830316
3,0.03048214229625498	states,united,1910,104865,158313,180653,69830316
3,0.018985249523999184	point,view,1910,77670,303189,176169,69830316
3,0.016858600132542364	commons,house,1910,55909,66037,248960,69830316
3,0.01660612598314071	known,well,1910,81900,224833,471821,69830316
3,0.01602334049047814	cr,edition,1910,63916,128639,327082,69830316
3,0.01568472035553641	crown,vo,1910,46733,140176,114085,69830316
3,0.015213293442291404	kingdom,united,1910,46508,87014,180653,69830316
3,0.014325627762761297	ages,middle,1910,32713,50116,99232,69830316
3,0.013342101384951885	edition,second,1910,63691,327082,325588,69830316
