1,0.004657935151377652	cent,per,1930,379965,424267,608016,81573699
1,0.0020466890927675107	states,united,1930,166956,237048,236791,81573699
1,0.0013453601019122598	point,view,1930,109746,378740,229042,81573699
1,0.0013193100388888825	first,time,1930,107621,1076501,998743,81573699
1,0.001304636191623479	new,york,1930,106424,601613,164150,81573699
1,0.001173650345315345	britain,great,1930,95739,126273,1027973,81573699
1,0.0010754446724305098	another,one,1930,87728,309785,1844684,81573699
1,0.0010536852080227476	deal,great,1930,85953,247032,1027973,81573699
1,0.0010342917022801675	known,well,1930,84371,252111,547896,81573699
1,0.001025281445187376	ago,years,1930,83636,176816,1112610,81573699
2,1.0	chervil,fretty,1930,24,24,24,81573699
2,1.0	clownery,pantaloonery,1930,5,5,5,81573699
2,1.0	cirurgie,lanfrancs,1930,4,4,4,81573699
2,1.0	cleugh,dawston,1930,4,4,4,81573699
2,1.0	chacing,delayd,1930,1,1,1,81573699
2,1.0	chatelaine,vergi,1930,14,14,14,81573699
2,1.0	citherns,citoles,1930,3,3,3,81573699
2,1.0	collembola,thysanura,1930,2,2,2,81573699
2,1.0	conse,quence,1930,5,5,5,81573699
2,1.0	clericall,habitis,1930,3,3,3,81573699
3,0.058557715606457686	cent,per,1930,379965,424267,608016,81573699
3,0.0379775154805848	states,united,1930,166956,237048,236791,81573699
3,0.022042188038561276	point,view,1930,109746,378740,229042,81573699
3,0.01904286588180847	new,york,1930,106424,601613,164150,81573699
3,0.017321628201403948	commons,house,1930,67938,80119,297043,81573699
3,0.01622241941676385	ages,middle,1930,45678,64408,129977,81573699
3,0.015206116808093037	minister,prime,1930,33611,70821,48965,81573699
3,0.014770194790336257	known,well,1930,84371,252111,547896,81573699
3,0.014438148132628023	co,operation,1930,52060,244676,74085,81573699
3,0.01433114767755319	century,eighteenth,1930,68825,475896,89575,81573699
