1,0.0045640716807229245	cent,per,1920,443716,503822,733122,97219332
1,0.001797389432793058	states,united,1920,174741,250409,262194,97219332
1,0.001257712817858078	point,view,1920,122274,438165,263833,97219332
1,0.001158833306939406	another,one,1920,112661,370172,2163704,97219332
1,0.0011400407482742218	known,well,1920,110834,313361,671387,97219332
1,0.0011099644255938726	first,time,1920,107910,1196201,1146879,97219332
1,0.0010174931051778878	britain,great,1920,98920,129373,1292237,97219332
1,9.81358316677181E-4	ago,years,1920,95407,199611,1235828,97219332
1,9.165255321853065E-4	deal,great,1920,89104,267605,1292237,97219332
1,8.774489419450033E-4	new,york,1920,85305,635443,139797,97219332
2,1.0	malcha,nahar,1920,2,2,2,97219332
2,1.0	murium,typhi,1920,2,2,2,97219332
2,1.0	moldau,vltava,1920,3,3,3,97219332
2,1.0	mucosae,muscularis,1920,2,2,2,97219332
2,1.0	liquidus,solidus,1920,15,15,15,97219332
2,1.0	minantis,ocelli,1920,1,1,1,97219332
2,1.0	mirable,neoptolemus,1920,4,4,4,97219332
2,1.0	livore,sepulto,1920,1,1,1,97219332
2,1.0	mathura,muttra,1920,9,9,9,97219332
2,1.0	lym,unslekked,1920,6,6,6,97219332
3,0.05722275347660189	cent,per,1920,443716,503822,733122,97219332
3,0.03500603530495662	states,united,1920,174741,250409,262194,97219332
3,0.02093171745271167	point,view,1920,122274,438165,263833,97219332
3,0.016809945535053637	ages,middle,1920,55340,79253,143705,97219332
3,0.01615205609999359	brit,mus,1920,29921,36189,34406,97219332
3,0.016019506573177116	known,well,1920,110834,313361,671387,97219332
3,0.015810812423581337	commons,house,1920,71201,83708,333489,97219332
3,0.013896168845111407	new,york,1920,85305,635443,139797,97219332
3,0.013442483609038745	fig,shown,1920,43300,93952,119497,97219332
3,0.013384173656586569	cit,op,1920,23776,36879,28040,97219332
