1,0.005414183112512949	cent,per,1940,325606,355755,574455,60139451
1,0.002346862128821229	states,united,1940,141139,195067,207288,60139451
1,0.0014379579221632734	first,time,1940,86478,811624,749639,60139451
1,0.001378745542589007	new,york,1940,82917,466680,127783,60139451
1,0.0013113854331659929	britain,great,1940,78866,110508,718272,60139451
1,0.0012791769582332902	point,view,1940,76929,277513,160675,60139451
1,0.0010747188230900212	deal,great,1940,64633,180722,718272,60139451
1,9.913958143715014E-4	ago,years,1940,59622,131086,828271,60139451
1,9.596529240015843E-4	another,one,1940,57713,219376,1313969,60139451
1,9.522700830774129E-4	century,nineteenth,1940,57269,373158,73934,60139451
2,1.0	mobilitate,viget,1940,2,2,2,60139451
2,1.0	marcomanni,quadi,1940,5,5,5,60139451
2,1.0	mathura,muttra,1940,2,2,2,60139451
2,1.0	ks,latourette,1940,2,2,2,60139451
2,1.0	laurentius,valla,1940,4,4,4,60139451
2,1.0	lalita,vistara,1940,26,26,26,60139451
2,1.0	kyst,rungsted,1940,17,17,17,60139451
2,1.0	landis,saidis,1940,3,3,3,60139451
2,1.0	magicos,terrores,1940,1,1,1,60139451
2,1.0	manihot,utilissima,1940,3,3,3,60139451
3,0.06156546518932865	cent,per,1940,325606,355755,574455,60139451
3,0.040576782117140484	states,united,1940,141139,195067,207288,60139451
3,0.02119313064312655	point,view,1940,76929,277513,160675,60139451
3,0.020362595747427832	fig,shown,1940,51705,99063,115359,60139451
3,0.019611753881252348	new,york,1940,82917,466680,127783,60139451
3,0.015901428845175283	co,operation,1940,50518,263289,72364,60139451
3,0.01579812157246676	britain,great,1940,78866,110508,718272,60139451
3,0.015628532366342315	commons,house,1940,42787,50020,199243,60139451
3,0.015619114856219392	century,nineteenth,1940,57269,373158,73934,60139451
3,0.015534975208639662	soviet,union,1940,31923,58848,81581,60139451
