1,0.004976224637130842	cent,per,1970,566202,675846,819045,113781439
1,0.0030572297472876925	new,york,1970,347856,1186745,510208,113781439
1,0.0027721305229757203	states,united,1970,315417,437048,529794,113781439
1,0.0017514192275244471	al,et,1970,199279,278792,352072,113781439
1,0.0015490663639787506	first,time,1970,176255,1629447,1490348,113781439
1,0.0014445853510430642	war,world,1970,164367,748220,779560,113781439
1,0.0013503432664443626	century,nineteenth,1970,153644,913551,219491,113781439
1,0.0012806921874138012	deal,great,1970,145719,351083,1123939,113781439
1,0.0010651034216573759	press,university,1970,121189,356561,466845,113781439
1,0.001051867519446647	point,view,1970,119683,504114,272341,113781439
2,1.0	bleachers,smoothers,1970,6,6,6,113781439
2,1.0	ceteris,paribus,1970,25,25,25,113781439
2,1.0	boghandel,gyldendalske,1970,5,5,5,113781439
2,1.0	chaife,poft,1970,1,1,1,113781439
2,1.0	braudel,fernand,1970,6,6,6,113781439
2,1.0	chalcopyrite,cufes,1970,4,4,4,113781439
2,1.0	borassus,flabelliformis,1970,1,1,1,113781439
2,1.0	borda,fals,1970,5,5,5,113781439
2,1.0	brindisi,brundisium,1970,7,7,7,113781439
2,1.0	brillat,savarin,1970,1,1,1,113781439
3,0.06139682629442157	cent,per,1970,566202,675846,819045,113781439
3,0.04252914281983342	states,united,1970,315417,437048,529794,113781439
3,0.03540331086830297	new,york,1970,347856,1186745,510208,113781439
3,0.03326388337993284	al,et,1970,199279,278792,352072,113781439
3,0.022520791006974874	cit,op,1970,64730,76191,69021,113781439
3,0.019136913225513575	century,nineteenth,1970,153644,913551,219491,113781439
3,0.018799496838973417	minister,prime,1970,72423,150234,110633,113781439
3,0.018277248227862954	soviet,union,1970,74272,118135,172125,113781439
3,0.018007507657488965	point,view,1970,119683,504114,272341,113781439
3,0.01770661217269356	press,university,1970,121189,356561,466845,113781439
