1,0.0071687471152164705	al,et,2000,2354200,3019854,3047479,328397691
1,0.006988508332721499	new,york,2000,2295010,5679042,4072235,328397691
1,0.006645695325549655	press,university,2000,2182431,5250117,6311194,328397691
1,0.003687589874071313	states,united,2000,1210996,1643943,1814870,328397691
1,0.0031532408064342938	cent,per,2000,1035517,1213365,1483983,328397691
1,0.001994648616454493	oxford,university,2000,655038,1561071,6311194,328397691
1,0.001695553943465455	cambridge,university,2000,556816,1147625,6311194,328397691
1,0.0015725445523915088	long,term,2000,516420,1852383,1329663,328397691
1,0.001324360712390027	war,world,2000,434917,1679295,2783427,328397691
1,0.0013216140426517188	century,nineteenth,2000,434015,2518720,689262,328397691
2,1.0	auditque,dolos,2000,1,1,1,328397691
2,1.0	antiphlogistic,phlogistic,2000,1,1,1,328397691
2,1.0	bachrach,baratz,2000,61,61,61,328397691
2,1.0	belo,horizonte,2000,99,99,99,328397691
2,1.0	bcnu,carmustine,2000,23,23,23,328397691
2,1.0	banham,reyner,2000,38,38,38,328397691
2,1.0	bawn,colleen,2000,11,11,11,328397691
2,1.0	beobachter,volkischer,2000,67,67,67,328397691
2,1.0	arrogans,videar,2000,1,1,1,328397691
2,1.0	apoynted,byble,2000,1,1,1,328397691
3,0.0745863560520206	al,et,2000,2354200,3019854,3047479,328397691
3,0.05735467007705196	new,york,2000,2295010,5679042,4072235,328397691
3,0.05081525598743698	states,united,2000,1210996,1643943,1814870,328397691
3,0.05009010364623396	press,university,2000,2182431,5250117,6311194,328397691
3,0.04920437197731271	cent,per,2000,1035517,1213365,1483983,328397691
3,0.02259252528248018	long,term,2000,516420,1852383,1329663,328397691
3,0.01891053120013609	century,nineteenth,2000,434015,2518720,689262,328397691
3,0.01821929604782771	oxford,university,2000,655038,1561071,6311194,328397691
3,0.01797166287242769	range,wide,2000,288330,894156,673436,328397691
3,0.016066505133955845	war,world,2000,434917,1679295,2783427,328397691
