1,0.004538290993660043	cent,per,1950,470931,539236,833927,103768357
1,0.0019386256640837052	states,united,1950,201168,280272,359387,103768357
1,0.0015040712266457105	first,time,1950,156075,1505659,1308601,103768357
1,0.0015008428821899917	new,york,1950,155740,789353,233862,103768357
1,0.0011167951709980337	point,view,1950,115888,454641,250111,103768357
1,0.0010827867304480884	deal,great,1950,112359,303962,1133146,103768357
1,9.903115262777072E-4	long,time,1950,102763,591830,1308601,103768357
1,9.820045623349322E-4	war,world,1950,101901,551153,565781,103768357
1,9.429175022979307E-4	britain,great,1950,97845,145580,1133146,103768357
1,9.398915316737645E-4	known,well,1950,97531,321824,667418,103768357
2,1.0	calah,nimrud,1950,4,4,4,103768357
2,1.0	bemired,filthily,1950,6,6,6,103768357
2,1.0	caecilium,divinatio,1950,1,1,1,103768357
2,1.0	calabri,rapuere,1950,4,4,4,103768357
2,1.0	captayns,hondrith,1950,2,2,2,103768357
2,1.0	betwene,gentillman,1950,1,1,1,103768357
2,1.0	callander,oban,1950,4,4,4,103768357
2,1.0	benadryl,diphenhydramine,1950,2,2,2,103768357
2,1.0	caninius,rebilus,1950,6,6,6,103768357
2,1.0	benozzo,gozzoli,1950,5,5,5,103768357
3,0.05579287754135763	cent,per,1950,470931,539236,833927,103768357
3,0.034919431804590104	states,united,1950,201168,280272,359387,103768357
3,0.02137466165509861	new,york,1950,155740,789353,233862,103768357
3,0.019937935958017468	fig,shown,1950,88270,169171,208602,103768357
3,0.019164735817159828	point,view,1950,115888,454641,250111,103768357
3,0.015516726571612186	got,ve,1950,77638,195450,287068,103768357
3,0.014963938279698242	cit,op,1950,30153,43891,34368,103768357
3,0.014315700393120637	kingdom,united,1950,71441,120606,359387,103768357
3,0.014312804643641366	minister,prime,1950,44514,118596,67831,103768357
3,0.014183327334872344	ages,middle,1950,53091,76059,193995,103768357
