1,0.005070650008211085	cent,per,1980,674752,798733,919760,133070119
1,0.004097523952766587	new,york,1980,545258,1647900,823615,133070119
1,0.003177287306701815	states,united,1980,422802,579588,709483,133070119
1,0.0031252545885226118	al,et,1980,415878,549159,634238,133070119
1,0.0020377677726432335	press,university,1980,271166,743152,884148,133070119
1,0.0016142466965104315	war,world,1980,214808,901532,1091779,133070119
1,0.0015453657180542538	first,time,1980,205642,1849818,1691788,133070119
1,0.001325331346551212	century,nineteenth,1980,176362,967465,266078,133070119
1,0.001224369537085933	deal,great,1980,162927,380524,1033883,133070119
1,0.0010899892559651202	hand,one,1980,145045,413344,2694973,133070119
2,1.0	animula,vagula,1980,2,2,2,133070119
2,1.0	afars,issas,1980,47,47,47,133070119
2,1.0	ahriman,ormuzd,1980,2,2,2,133070119
2,1.0	abinito,lsa,1980,52,52,52,133070119
2,1.0	ambas,formosior,1980,1,1,1,133070119
2,1.0	abana,pharpar,1980,5,5,5,133070119
2,1.0	adjecto,contradictio,1980,8,8,8,133070119
2,1.0	alimentus,cincius,1980,3,3,3,133070119
2,1.0	academicus,senatus,1980,26,26,26,133070119
2,1.0	adriamycin,doxorubicin,1980,4,4,4,133070119
3,0.06310227572907902	cent,per,1980,674752,798733,919760,133070119
3,0.046867894101293196	al,et,1980,415878,549159,634238,133070119
3,0.04565342231398051	states,united,1980,422802,579588,709483,133070119
3,0.04252018507171062	new,york,1980,545258,1647900,823615,133070119
3,0.02606010419605498	press,university,1980,271166,743152,884148,133070119
3,0.024002222361925143	soviet,union,1980,133667,199588,266529,133070119
3,0.023751281251508983	cit,op,1980,82626,94332,87558,133070119
3,0.019467159798653877	century,nineteenth,1980,176362,967465,266078,133070119
3,0.01865252561522748	war,world,1980,214808,901532,1091779,133070119
3,0.017659473532826032	point,view,1980,139748,610851,330356,133070119
