1,0.005509265445841348	new,york,1990,978251,2643506,1668387,177564688
1,0.004859485349924981	al,et,1990,862873,1123685,1169941,177564688
1,0.004053914143109356	cent,per,1990,719832,845251,988285,177564688
1,0.003986856891275589	press,university,1990,707925,1830872,2151939,177564688
1,0.003149691564800317	states,united,1990,559274,768437,895274,177564688
1,0.0014566184465686105	war,world,1990,258644,1024871,1493774,177564688
1,0.0013898484140044782	first,time,1990,246788,2287786,2157987,177564688
1,0.0013329114176124928	century,nineteenth,1990,236678,1301404,368413,177564688
1,0.0012848331645760559	long,term,1990,228141,1041164,608085,177564688
1,0.0012182433480242424	hand,one,1990,216317,542342,3435455,177564688
2,1.0	eiry,leme,1990,2,2,2,177564688
2,1.0	eskimos,inuit,1990,29,29,29,177564688
2,1.0	drede,quaketh,1990,1,1,1,177564688
2,1.0	eranos,yearbooks,1990,25,25,25,177564688
2,1.0	ensor,rck,1990,15,15,15,177564688
2,1.0	elvis,presley,1990,7,7,7,177564688
2,1.0	elwes,rhm,1990,2,2,2,177564688
2,1.0	emw,tillyard,1990,19,19,19,177564688
2,1.0	eksteins,modris,1990,28,28,28,177564688
2,1.0	duchesne,guillemin,1990,30,30,30,177564688
3,0.06046753641143378	al,et,1990,862873,1123685,1169941,177564688
3,0.056418706514040295	cent,per,1990,719832,845251,988285,177564688
3,0.04999804342735964	new,york,1990,978251,2643506,1668387,177564688
3,0.04601743234176414	states,united,1990,559274,768437,895274,177564688
3,0.03764688930596215	press,university,1990,707925,1830872,2151939,177564688
3,0.019438383592699237	century,nineteenth,1990,236678,1301404,368413,177564688
3,0.01885371434138797	long,term,1990,228141,1041164,608085,177564688
3,0.018588803344410165	cit,op,1990,67362,75637,72274,177564688
3,0.018151206864050487	soviet,union,1990,110762,173949,245466,177564688
3,0.01789579135287532	range,wide,1990,152338,463688,352496,177564688
