1,0.004743911594096945	cent,per,1960,585169,686314,895203,123351582
1,0.0024610547759330724	states,united,1960,303575,425058,516245,123351582
1,0.002122810228733021	new,york,1960,261852,1107311,386736,123351582
1,0.001559712464814598	first,time,1960,192393,1775408,1592092,123351582
1,0.0012232595444134637	deal,great,1960,150891,383294,1310330,123351582
1,0.0011736614776452564	war,world,1960,144773,716725,737412,123351582
1,0.0010881092712698244	century,nineteenth,1960,134220,885846,183346,123351582
1,0.0010837639682643066	point,view,1960,133684,523777,295725,123351582
1,0.001058332596009997	long,time,1960,130547,731668,1592092,123351582
1,9.501945422961823E-4	later,years,1960,117208,574240,1673931,123351582
2,1.0	gynaecologist,obstetrician,1960,13,13,13,123351582
2,1.0	haura,irqa,1960,15,15,15,123351582
2,1.0	gyorgyi,szent,1960,4,4,4,123351582
2,1.0	grannam,stadlin,1960,1,1,1,123351582
2,1.0	higgledy,piggledy,1960,44,44,44,123351582
2,1.0	hoity,toity,1960,6,6,6,123351582
2,1.0	impe,ratrice,1960,4,4,4,123351582
2,1.0	gourhan,leroi,1960,8,8,8,123351582
2,1.0	gritty,nitty,1960,8,8,8,123351582
2,1.0	imperfecta,osteogenesis,1960,7,7,7,123351582
3,0.05924981715919001	cent,per,1960,585169,686314,895203,123351582
3,0.03984225568856607	states,united,1960,303575,425058,516245,123351582
3,0.027278243474854785	new,york,1960,261852,1107311,386736,123351582
3,0.019760924611915906	cit,op,1960,56870,72635,61653,123351582
3,0.0188038621523433	point,view,1960,133684,523777,295725,123351582
3,0.017479581390666445	minister,prime,1960,70668,158542,106472,123351582
3,0.01707233797063782	fig,shown,1960,84365,173335,222600,123351582
3,0.016935318538409082	got,ve,1960,105389,254080,373818,123351582
3,0.016528445882313496	century,nineteenth,1960,134220,885846,183346,123351582
3,0.016376772401083248	al,et,1960,82754,143789,270217,123351582
